-0.63 -0.63
-0.63 -0.49
-0.63 -0.35
-0.63 -0.21
-0.63 -0.07
-0.63 0.07
-0.63 0.21
-0.63 0.35
-0.63 0.49
-0.63 0.63
-0.49 -0.63
-0.49 -0.49
-0.49 -0.35
-0.49 -0.21
-0.49 -0.07
-0.49 0.07
-0.49 0.21
-0.49 0.35
-0.49 0.49
-0.49 0.63
-0.35 -0.63
-0.35 -0.49
-0.35 -0.35
-0.35 -0.21
-0.35 -0.07
-0.35 0.07
-0.35 0.21
-0.35 0.35
-0.35 0.49
-0.35 0.63
-0.21 -0.63
-0.21 -0.49
-0.21 -0.35
-0.21 -0.21
-0.21 -0.07
-0.21 0.07
-0.21 0.21
-0.21 0.35
-0.21 0.49
-0.21 0.63
-0.07 -0.63
-0.07 -0.49
-0.07 -0.35
-0.07 -0.21
-0.07 -0.07
-0.07 0.07
-0.07 0.21
-0.07 0.35
-0.07 0.49
-0.07 0.63
0.07 -0.63
0.07 -0.49
0.07 -0.35
0.07 -0.21
0.07 -0.07
0.07 0.07
0.07 0.21
0.07 0.35
0.07 0.49
0.07 0.63
0.21 -0.63
0.21 -0.49
0.21 -0.35
0.21 -0.21
0.21 -0.07
0.21 0.07
0.21 0.21
0.21 0.35
0.21 0.49
0.21 0.63
0.35 -0.63
0.35 -0.49
0.35 -0.35
0.35 -0.21
0.35 -0.07
0.35 0.07
0.35 0.21
0.35 0.35
0.35 0.49
0.35 0.63
0.49 -0.63
0.49 -0.49
0.49 -0.35
0.49 -0.21
0.49 -0.07
0.49 0.07
0.49 0.21
0.49 0.35
0.49 0.49
0.49 0.63
0.63 -0.63
0.63 -0.49
0.63 -0.35
0.63 -0.21
0.63 -0.07
0.63 0.07
0.63 0.21
0.63 0.35
0.63 0.49
0.63 0.63
